CAR 0 0  1.935  1559.00   978.00  1583.00   999.00  0.187  0.612  0.930  0.000  0.094  0.000  1.935  0.999    0  0.000  0.000  0.000  0.000  0.000  0.000  0.000  0.000
CAR 0 0 -2.874  1454.00   465.00  1550.00   529.00  1.418  1.671  4.115  0.000  0.709  0.000 -2.874  1.000    0  0.000  0.000  0.000  0.000  0.000  0.000  0.000  0.000
CAR 0 0 -2.758   173.00   467.00   277.00   527.00  1.456  1.671  4.109  0.000  0.728  0.000 -2.758  1.000    0  0.000  0.000  0.000  0.000  0.000  0.000  0.000  0.000
CAR 0 0 -2.015  1255.00   438.00  1465.00   546.00  1.717  1.581  4.048  0.000  0.859  0.000 -2.015  0.999    0  0.000  0.000  0.000  0.000  0.000  0.000  0.000  0.000
CAR 0 0  1.915  1558.00   467.00  1585.00   486.00  0.331  0.686  1.604  0.000  0.166  0.000  1.915  1.000    0  0.000  0.000  0.000  0.000  0.000  0.000  0.000  0.000
CAR 0 0  2.382   407.00   709.00   585.00   802.00  1.512  1.637  4.299  0.000  0.756  0.000  2.382  0.998    0  0.000  0.000  0.000  0.000  0.000  0.000  0.000  0.000
CAR 0 0  2.836  1699.00   466.00  1850.00   547.00  1.613  1.738  4.820  0.000  0.807  0.000  2.836  0.994    0  0.000  0.000  0.000  0.000  0.000  0.000  0.000  0.000
CAR 0 0 -2.487   279.00   983.00   303.00   999.00  0.744 -0.373 -0.544  0.000  0.372  0.000 -2.487  0.999    0  0.000  0.000  0.000  0.000  0.000  0.000  0.000  0.000
CAR 0 0  2.391  1046.00   963.00  1229.00  1057.00  1.430  1.488  3.978  0.000  0.715  0.000  2.391  0.999    0  0.000  0.000  0.000  0.000  0.000  0.000  0.000  0.000
CAR 0 0 -2.682  1558.00   982.00  1581.00   999.00  0.476 -0.543 -0.325  0.000  0.238  0.000 -2.682  0.999    0  0.000  0.000  0.000  0.000  0.000  0.000  0.000  0.000
CAR 0 0 -2.575  1558.00   727.00  1581.00   743.00  0.362 -0.430 -0.064  0.000  0.181  0.000 -2.575  0.999    0  0.000  0.000  0.000  0.000  0.000  0.000  0.000  0.000
CAR 0 0 -2.933   923.00   987.00   946.00  1003.00  0.217  1.039  1.040  0.000  0.109  0.000 -2.933  0.997    0  0.000  0.000  0.000  0.000  0.000  0.000  0.000  0.000
CAR 0 0  1.437   280.00   724.00   306.00   743.00  0.383  0.809  1.861  0.000  0.192  0.000  1.437  1.000    0  0.000  0.000  0.000  0.000  0.000  0.000  0.000  0.000
CAR 0 0 -1.702    22.00   445.00   201.00   540.00  1.584  1.511  4.066  0.000  0.792  0.000 -1.702  0.999    0  0.000  0.000  0.000  0.000  0.000  0.000  0.000  0.000
CAR 0 0 -2.178     4.00   439.00   220.00   574.00  1.832  1.661  4.262  0.000  0.916  0.000 -2.178  0.997    0  0.000  0.000  0.000  0.000  0.000  0.000  0.000  0.000
CAR 0 0  1.489   922.00   468.00   947.00   488.00  0.778  0.852  1.725  0.000  0.389  0.000  1.489  0.999    0  0.000  0.000  0.000  0.000  0.000  0.000  0.000  0.000
CAR 0 0 -1.638   281.00   730.00   306.00   749.00  0.273  0.506  1.266  0.000  0.136  0.000 -1.638  1.000    0  0.000  0.000  0.000  0.000  0.000  0.000  0.000  0.000
CAR 0 0  2.855   408.00   460.00   587.00   556.00  1.600  1.680  4.077  0.000  0.800  0.000  2.855  0.997    0  0.000  0.000  0.000  0.000  0.000  0.000  0.000  0.000
CAR 0 0  2.340   407.00   454.00   586.00   546.00  1.511  1.621  4.148  0.000  0.755  0.000  2.340  0.998    0  0.000  0.000  0.000  0.000  0.000  0.000  0.000  0.000
CAR 0 0 -2.795   281.00   474.00   306.00   491.00  0.653  0.851  0.968  0.000  0.326  0.000 -2.795  0.999    0  0.000  0.000  0.000  0.000  0.000  0.000  0.000  0.000
CAR 0 0 -1.700    20.00   700.00   204.00   796.00  1.551  1.498  4.055  0.000  0.776  0.000 -1.700  0.999    0  0.000  0.000  0.000  0.000  0.000  0.000  0.000  0.000
CAR 0 0  2.567  1676.00   463.00  1812.00   533.00  1.478  1.556  4.015  0.000  0.739  0.000  2.567  1.000    0  0.000  0.000  0.000  0.000  0.000  0.000  0.000  0.000
CAR 0 0 -1.863   281.00   474.00   306.00   493.00  0.329  0.658  1.305  0.000  0.165  0.000 -1.863  1.000    0  0.000  0.000  0.000  0.000  0.000  0.000  0.000  0.000
CAR 0 0 -2.592  1559.00   471.00  1582.00   487.00  0.707 -0.191 -0.145  0.000  0.354  0.000 -2.592  1.000    0  0.000  0.000  0.000  0.000  0.000  0.000  0.000  0.000
CAR 0 0  3.089   923.00   731.00   946.00   747.00  0.326  0.703  1.172  0.000  0.163  0.000  3.089  0.998    0  0.000  0.000  0.000  0.000  0.000  0.000  0.000  0.000
CAR 0 0 -3.024   923.00   475.00   945.00   492.00  0.499  0.732  0.858  0.000  0.250  0.000 -3.024  0.997    0  0.000  0.000  0.000  0.000  0.000  0.000  0.000  0.000
CAR 0 0 -1.896  1247.00   949.00  1471.00  1062.00  1.637  1.528  4.048  0.000  0.818  0.000 -1.896  1.000    0  0.000  0.000  0.000  0.000  0.000  0.000  0.000  0.000
CAR 0 0 -3.041   281.00   731.00   306.00   748.00  0.401  0.723  1.486  0.000  0.200  0.000 -3.041  0.999    0  0.000  0.000  0.000  0.000  0.000  0.000  0.000  0.000
CAR 0 0 -1.966   606.00   694.00   833.00   803.00  1.636  1.559  4.066  0.000  0.818  0.000 -1.966  1.000    0  0.000  0.000  0.000  0.000  0.000  0.000  0.000  0.000
CAR 0 0  2.620  1059.00   722.00  1210.00   801.00  1.555  1.618  4.344  0.000  0.778  0.000  2.620  0.993    0  0.000  0.000  0.000  0.000  0.000  0.000  0.000  0.000
CAR 0 0 -2.665   831.00   981.00   899.00  1030.00  1.367  1.435  3.951  0.000  0.683  0.000 -2.665  0.999    0  0.000  0.000  0.000  0.000  0.000  0.000  0.000  0.000
CAR 0 0 -1.696  1282.00   953.00  1499.00  1063.00  1.585  1.596  4.157  0.000  0.793  0.000 -1.696  1.000    0  0.000  0.000  0.000  0.000  0.000  0.000  0.000  0.000
CAR 0 0  2.460  1697.00   719.00  1853.00   794.00  1.479  1.526  4.005  0.000  0.739  0.000  2.460  0.999    0  0.000  0.000  0.000  0.000  0.000  0.000  0.000  0.000
CAR 0 0  2.477  1695.00   723.00  1829.00   799.00  1.593  1.544  4.205  0.000  0.797  0.000  2.477  0.996    0  0.000  0.000  0.000  0.000  0.000  0.000  0.000  0.000
CAR 0 0  2.654  1691.00   466.00  1830.00   545.00  1.598  1.627  4.235  0.000  0.799  0.000  2.654  0.998    0  0.000  0.000  0.000  0.000  0.000  0.000  0.000  0.000
CAR 0 0 -2.784  1466.00   724.00  1536.00   777.00  1.306  1.494  4.124  0.000  0.653  0.000 -2.784  1.000    0  0.000  0.000  0.000  0.000  0.000  0.000  0.000  0.000
CAR 0 0 -1.645   622.00   952.00   854.00  1060.00  1.553  1.552  3.970  0.000  0.777  0.000 -1.645  1.000    0  0.000  0.000  0.000  0.000  0.000  0.000  0.000  0.000
CAR 0 0  2.592   412.00   722.00   576.00   802.00  1.579  1.665  4.306  0.000  0.790  0.000  2.592  0.997    0  0.000  0.000  0.000  0.000  0.000  0.000  0.000  0.000
CAR 0 0 -1.756  1264.00   952.00  1493.00  1060.00  1.542  1.559  4.028  0.000  0.771  0.000 -1.756  1.000    0  0.000  0.000  0.000  0.000  0.000  0.000  0.000  0.000
CAR 0 0 -2.704   829.00   725.00   899.00   776.00  1.399  1.533  4.116  0.000  0.699  0.000 -2.704  1.000    0  0.000  0.000  0.000  0.000  0.000  0.000  0.000  0.000
CAR 0 0  2.418  1054.00   723.00  1194.00   800.00  1.599  1.552  4.246  0.000  0.800  0.000  2.418  0.996    0  0.000  0.000  0.000  0.000  0.000  0.000  0.000  0.000
CAR 0 0 -1.737   628.00   698.00   853.00   801.00  1.633  1.589  4.103  0.000  0.816  0.000 -1.737  1.000    0  0.000  0.000  0.000  0.000  0.000  0.000  0.000  0.000
CAR 0 0  2.209   409.00   723.00   563.00   800.00  1.496  1.509  4.078  0.000  0.748  0.000  2.209  0.996    0  0.000  0.000  0.000  0.000  0.000  0.000  0.000  0.000
CAR 0 0 -1.827  1272.00   440.00  1489.00   544.00  1.662  1.616  4.168  0.000  0.831  0.000 -1.827  1.000    0  0.000  0.000  0.000  0.000  0.000  0.000  0.000  0.000
CAR 0 0 -1.831     7.00   442.00   213.00   548.00  1.693  1.623  4.224  0.000  0.847  0.000 -1.831  1.000    0  0.000  0.000  0.000  0.000  0.000  0.000  0.000  0.000
CAR 0 0 -1.814     6.00   698.00   213.00   804.00  1.671  1.618  4.183  0.000  0.835  0.000 -1.814  1.000    0  0.000  0.000  0.000  0.000  0.000  0.000  0.000  0.000
CAR 0 0 -1.767     0.00   950.00   208.00  1060.00  1.536  1.564  3.867  0.000  0.768  0.000 -1.767  1.000    0  0.000  0.000  0.000  0.000  0.000  0.000  0.000  0.000
CAR 0 0  2.523  1047.00   464.00  1196.00   537.00  1.490  1.541  4.190  0.000  0.745  0.000  2.523  1.000    0  0.000  0.000  0.000  0.000  0.000  0.000  0.000  0.000
CAR 0 0  2.352  1051.00   721.00  1193.00   793.00  1.493  1.531  4.142  0.000  0.746  0.000  2.352  1.000    0  0.000  0.000  0.000  0.000  0.000  0.000  0.000  0.000
CAR 0 0  2.324   403.00   466.00   566.00   535.00  1.428  1.503  4.061  0.000  0.714  0.000  2.324  1.000    0  0.000  0.000  0.000  0.000  0.000  0.000  0.000  0.000
PEDESTRIAN 0 0  3.141   570.00   955.00   610.00  1021.00  1.470  0.455  0.815  0.000  0.735  0.000  3.141  0.797    0  0.000  0.000  0.000  0.000  0.000  0.000  0.000  0.000
